836774267
901664651
1863884731
575726124
1074779373
743852755
1626209222
435174425
871744957
838998733
738145285
902979070
816282973
1158427510
1532200836
1279937375
780531929
416769181
397115851
1760520992
634686108
1477116544
1953173143
1245482850
1831243271
928237417
713598387
766584376
386659032
1325175887
726173684
788492541
780531929
942195962
1129905979
1606737677
1084732386
407817691
644311317
1026018245
913836624
1197765916
435174425
1673786603
1272677452
848587895
1525458444
750046386
890663354
919634822
1982528736
998041616
753402098
1532200836
1469753983
855965345
859255025
1863884731
676752571
636872582
791627687
1074779373
1158427510
299685207
575726124
1821975701
481312824
412621805
1812018799
607617197
240773950
491341486
1940661949
928237417
775864787
655537011
1316997885
1409312305
835419926
824062441
1032262667
1967060762
607415504
1679687704
982568045
974516266
901664651
816282973
1956082297
1045623196
743852755
1043722894
986321920
1128013953
634686108
1103886875
1068288939
668899890
386659032
713598387
800385775
949818312
696784839
1391278263
1618522126
718460971
907012423
1203421223
1477116544
738145285
1068566016
878361505
1953173143
630538616
1626209222
985329007
870831595
1297974145
837244076
1148717373
785719667
838998733
691380300
1097651433
1245482850
249631974
816396713
579299579
1906784857
752626766
1268771270
707522483
669046681
1379989607
1332239867
1336444424
1254720038
836774267
901664651
1863884731
575726124
1074779373
743852755
1626209222
435174425
871744957
838998733
738145285
902979070
816282973
1158427510
1532200836
1279937375
780531929
416769181
397115851
1760520992
634686108
1477116544
1953173143
1245482850
1831243271
928237417
713598387
766584376
386659032
1325175887
726173684
788492541
780531929
942195962
1129905979
1606737677
1084732386
407817691
644311317
1026018245
913836624
1197765916
435174425
1673786603
1272677452
848587895
1525458444
750046386
890663354
919634822
1982528736
998041616
753402098
1532200836
1469753983
855965345
859255025
1863884731
676752571
636872582
791627687
1074779373
1158427510
299685207
575726124
1821975701
481312824
412621805
1812018799
607617197
240773950
491341486
1940661949
928237417
775864787
655537011
1316997885
1409312305
835419926
836774267
901664651
1863884731
575726124
1074779373
743852755
1626209222
435174425
871744957
838998733
738145285
902979070
816282973
1158427510
1532200836
1279937375
780531929
416769181
397115851
1760520992
1415453173
732904544
930155566
523186145
673259034
1059209588
1819271238
667425263
800554946
921984916
1348264070
673823170
574954491
580901010
1357384617
1152085882
1265669360
1793385685
476593474
446887589
795437215
490572833
604837986
1004258437
721486466
996324981
455229680
579331046
627190619
759597113
769493072
1081188078
865549963
1239583127
1207599482
676559963
1749825622
668054150
1334399849
529864504
763248116
529864504
942258981
539165893
1117209976
942769218
921984916
691320603
1321418506
558140019
1851830719
573833105
602612531
1260188271
861772266
892163137
580901010
633634898
403516313
930155566
875384328
497505425
425283881
885737352
899796389
685304749
632917856
1051208155
912256999
1075367709
875951135
1529982496
844420327
445817880
842247401
1061927912
530144895
832548787
760001645
1037082504
884912866
940261250
865037725
452144026
1916041143
1340600241
1121979269
1139707775
1348264070
742022542
1022617919
639631479
1081188078
556422054
1023513264
1027479841
1944678545
715315859
645783201
773942310
1122774324
468866196
1309871238
586197329
509691545
523186145
465471670
1460335592
947869899
785804029
538041763
928037447
1239583127
1309857076
966843732
704904943
751234359
1793385685
683214742
939766852
1004258437
957614969
455229680
714585924
1366224646
552305457
850808269
1848076363
705501278
744330208
1749825622
1265669360
683390540
745345374
412875074
1977368140
702669999
676559963
420642920
1819271238
571339700
1613512195
802073770
1066852874
1670477251
1334399849
557423538
490572833
983038476
745589078
996424781
574954491
787810228
722386215
570984103
455731184
1048887304
673259034
900467015
775197334
699818955
820217260
1207599482
637359112
800554946
864666063
1129552912
686112033
552418972
347418549
1075132254
887799892
1291513232
1152085882
484061474
604837986
926822136
738215868
1146358035
966028405
880355225
733598775
408793567
618684794
867129487
996324981
473045630
787541697
1187796370
738188687
643998188
1874648270
667425263
721486466
557821426
348014827
759037413
748818940
777816884
856493694
551855846
977733238
674850649
1411728684
656238569
592018164
857190510
812437279
715217404
392580231
1817726466
449445075
773763290
872466583
729326495
955333603
863230504
724159516
805338237
1046653530
689625847
1901065792
366303571
523678532
746931631
901046460
1190286785
668999968
679538513
722320205
529362922
952023351
1146109489
746234757
1096168759
1314280300
1347477819
691129594
746731263
362960344
738187931
700675811
1900341305
731695811
370210437
616393519
801718556
705899256
710366379
717277320
636471106
1296188765
585359022
553833137
651643337
617728969
1756395223
536666017
894139739
706997001
640275081
1375142540
942236809
456637819
595203151
705464212
749551937
832751851
1366579279
1732690237
638246446
539536110
902808920
454395905
631155319
1783988934
634593934
1682483335